145599389 95512 5
200929413 95512 5
157777520 95512 5
168123124 95512 5
226872481 95512 5
201741987 95512 5
228721075 95512 5
199846178 95512 5
89900267 95512 5
276299796 95512 5
74850691 95512 5
262804121 95512 5
101784527 95512 5
221111342 95512 5
329038380 95512 5
65045018 95512 5
293480089 95512 5
133404857 95512 5
6405265 95512 5
266380075 95512 5
296046490 95512 5
162381025 95512 5
373651721 95512 5
119942512 95512 5
304654615 95512 5
350419198 95512 5
79916104 95512 5
312145609 95512 4
143534082 95512 4
350487998 95512 4
297651270 95512 4
132566585 95512 4
239723326 95512 4
19689665 95512 4
261136111 95512 3
150345056 95512 3
227004321 95512 3
373923730 95512 3
61242189 95512 3
220844295 95512 3
118777809 95512 3
166357143 95512 3
276164414 95512 3
8342575 95512 3
304104436 95512 2
103957135 95512 2
62962073 95512 2
253301632 95512 2
271564553 95512 2
256800256 95512 2
63879638 95512 1
361303437 95512 1
282482459 95512 1
287782711 95512 1
265505885 95512 1
200929413 95500 5
258534020 95500 5
310686251 95500 5
6896298 95500 5
26754486 95500 5
197127886 95500 5
141584919 95500 5
198121498 95500 5
281053744 95500 5
350487998 95500 5
32922231 95500 5
62962073 95500 5
38110926 95500 5
184847766 95500 5
133404857 95500 5
162381025 95500 5
222792117 95500 5
200182360 95500 5
64854558 95500 5
130301495 95500 5
23549389 95500 5
362763801 95500 5
137285909 95500 5
118216564 95500 5
263859462 95500 5
361038375 95500 5
332194308 95500 5
191015476 95500 5
134723955 95500 5
96722711 95500 5
175935074 95500 5
257269152 95500 5
136109846 95500 5
161607799 95500 4
316926711 95500 4
185573961 95500 4
163325970 95500 4
182931047 95500 4
325485242 95500 4
285684928 95500 4
28937282 95500 4
184379869 95500 4
230068256 95500 3
221762448 95500 3
256800256 95500 3
293480089 95500 2
163734813 95500 1
205634561 95500 1
325419692 95500 1
271564553 95500 1
356761189 95500 1
8342575 95500 1
296046490 95500 1
200929413 95441 5
337314597 95441 5
282769927 95441 5
178667955 95441 5
13980275 95441 5
209754352 95441 5
325875999 95441 5
141584919 95441 5
209111233 95441 5
293480089 95441 5
37631398 95441 5
248088279 95441 5
160145310 95441 5
102931824 95441 5
12506053 95441 5
167815735 95441 5
18120471 95441 5
345640378 95441 5
224521030 95441 5
304654615 95441 5
118777809 95441 5
7050657 95441 5
134235314 95441 5
13344269 95441 4
172729004 95441 4
248432022 95441 4
185650689 95441 4
324821674 95441 4
266093815 95441 4
164233503 95441 3
184847766 95441 2
271564553 95441 2
170538554 95441 2
320153218 95441 2
137871842 95441 1
30294287 95441 1
148245685 95441 1
256800256 95441 1
326735241 95441 1
8342575 95441 1
186431029 95441 1
162381025 95441 1
97939198 95441 1
200929413 95391 5
336917767 95391 5
122992808 95391 5
281498441 95391 5
200562714 95391 5
201741987 95391 5
17829206 95391 5
270329883 95391 5
310588648 95391 5
222623367 95391 5
198537052 95391 5
151487267 95391 5
226292666 95391 4
96372670 95391 4
312397388 95391 4
290285399 95391 4
140430361 95391 4
243637380 95391 4
184237391 95391 3
318471797 95391 3
248432022 95391 3
255881414 95391 3
151826413 95391 3
183312049 95391 3
158217985 95391 3
122204981 95391 3
156367467 95391 3
253301632 95391 2
271564553 95391 1
17442644 95391 1
169989689 95391 1
32267466 95391 1
289640318 95391 1
252636455 95391 1
117711852 95391 1
172633787 95391 1
157441468 95391 1
317761614 95391 1
296093045 95391 1
150345056 95391 1
269346868 95391 1
143579520 95391 1
155092978 95391 1
138248249 95391 1
10039024 95391 1
371962682 95391 1
304649141 95391 1
196165127 95391 1
362005640 95391 1
97528328 95391 1
330623380 95391 1
177312027 95391 1
189834737 95391 1
200929413 95296 5
163734813 95296 5
258534020 95296 5
225843871 95296 5
249695202 95296 5
209111233 95296 5
134471081 95296 5
212809516 95296 5
8342575 95296 5
124398278 95296 5
188552580 95296 5
222960615 95296 5
193974188 95296 5
7050657 95296 5
174585354 95296 5
42699301 95296 5
139086961 95296 5
64617476 95296 5
180762859 95296 5
367312645 95296 5
107266110 95296 5
225140921 95296 5
191307306 95296 5
338843546 95296 5
276787557 95296 5
118190327 95296 5
234382623 95296 5
222623367 95296 5
28933603 95296 5
330325188 95296 5
360274751 95296 5
254581838 95296 5
182597071 95296 5
246927163 95296 5
300610751 95296 5
62962073 95296 5
14732490 95296 5
311077309 95296 5
188244049 95296 5
84052833 95296 5
62478272 95296 5
213500722 95296 5
163438039 95296 5
174198668 95296 5
190984629 95296 5
239115544 95296 5
191933945 95296 5
303150305 95296 5
203023043 95296 5
256023087 95296 5
237897121 95296 5
300875694 95296 5
15956403 95296 5
22117579 95296 5
241837216 95296 5
266143890 95296 5
330414741 95296 5
119690099 95296 5
287549051 95296 5
192751691 95296 5
356565197 95296 5
169989689 95296 5
368481084 95296 5
264979112 95296 5
304128500 95296 5
177312027 95296 5
258450348 95296 5
175975778 95296 5
255881414 95296 5
73195193 95296 5
186119975 95296 5
267983789 95296 5
46896109 95296 5
332537259 95296 5
167373310 95296 5
219138180 95296 5
225496641 95296 5
73276246 95296 5
155863502 95296 5
163780255 95296 5
26139415 95296 5
188665341 95296 5
271564553 95296 5
21532522 95296 5
211639307 95296 5
32444850 95296 5
265538108 95296 5
151826413 95296 5
310564573 95296 5
335984967 95296 5
7260478 95296 5
169000574 95296 5
219513539 95296 5
108205295 95296 5
40368341 95296 5
296065218 95296 5
77618433 95296 5
258209374 95296 5
212389173 95296 5
196346277 95296 5
165753317 95296 5
184379869 95296 5
253764103 95296 4
143579520 95296 4
370144696 95296 4
318504839 95296 4
19325209 95296 4
213044225 95296 4
258290803 95296 4
109376651 95296 4
231504575 95296 4
61509134 95296 4
202255063 95296 4
303593619 95296 4
90884131 95296 4
211504121 95296 4
227360517 95296 4
103966505 95296 4
173605278 95296 4
262269260 95296 4
200546638 95296 4
243763437 95296 4
213438274 95296 4
156377196 95296 4
229287966 95296 4
284453509 95296 4
174146804 95296 4
161607799 95296 4
332380726 95296 3
216998374 95296 3
359230992 95296 3
170498281 95296 3
343491301 95296 3
12420210 95296 3
257505553 95296 3
77171523 95296 3
218017427 95296 3
369913440 95296 3
159457659 95296 3
185796188 95296 3
196049863 95296 3
41130280 95296 3
262849228 95296 3
302520645 95296 3
246375864 95296 3
243637380 95296 3
1739607 95296 3
178367896 95296 2
272956204 95296 2
151991220 95296 2
220670980 95296 2
132483031 95296 2
211813028 95296 2
240348814 95296 2
33699924 95296 2
292700248 95296 1
32267466 95296 1
200562714 95296 1
207787664 95296 1
150345056 95296 1
302710804 95296 1
197988909 95296 1
221537501 95296 1
370111112 95296 1
227330170 95296 1
120970192 95296 1
159497467 95296 1
227332537 95296 1
239109934 95296 1
210972572 95296 1
265827441 95296 1
291695021 95296 1
342015480 95296 1
357096787 95296 1
183225279 95296 1
218983499 95296 1
224137148 95241 5
151377601 95241 5
175182948 95241 5
233998376 95241 5
49478651 95241 5
307263086 95241 5
156715117 95241 5
26954667 95241 5
177183996 95241 5
194028375 95241 5
135396332 95241 5
232417797 95241 5
336735059 95241 5
365276958 95241 5
61242189 95241 5
147125696 95241 5
353050772 95241 5
137248415 95241 5
8342575 95241 5
32267466 95241 5
188552580 95241 5
222960615 95241 5
195357504 95241 5
16869735 95241 5
193974188 95241 5
335451547 95241 5
22382775 95241 5
331886934 95241 5
14562844 95241 5
229675969 95241 5
137621330 95241 5
179670061 95241 5
165016761 95241 5
195788204 95241 5
364145123 95241 5
80892077 95241 5
150345056 95241 5
181768109 95241 5
343431034 95241 5
138248249 95241 5
163201046 95241 5
42699301 95241 5
117503810 95241 5
218707465 95241 5
64617476 95241 5
206049932 95241 5
162870109 95241 5
153297692 95241 5
367312645 95241 5
304430241 95241 5
231417632 95241 5
154423417 95241 5
257269152 95241 5
72574275 95241 5
298636663 95241 5
169433990 95241 5
248942519 95241 5
361038375 95241 5
338843546 95241 5
276605348 95241 5
253707098 95241 5
200092977 95241 5
5422822 95241 5
96734349 95241 5
139441501 95241 5
204495094 95241 5
222623367 95241 5
31710522 95241 5
292275728 95241 5
157550366 95241 5
330325188 95241 5
221537501 95241 5
153987050 95241 5
319862365 95241 5
326735241 95241 5
133848575 95241 5
220494293 95241 5
208841652 95241 5
118737102 95241 5
11291111 95241 5
14732490 95241 5
254581838 95241 5
188244049 95241 5
161391724 95241 5
316279737 95241 5
197127886 95241 5
174198668 95241 5
101292766 95241 5
1267582 95241 5
206868553 95241 5
351922669 95241 5
199846178 95241 5
49460046 95241 5
40194184 95241 5
52838042 95241 5
178464574 95241 5
109376651 95241 5
268695351 95241 5
187663658 95241 5
249151462 95241 5
145599389 95241 5
307071216 95241 5
32013635 95241 5
7321047 95241 5
209066463 95241 5
9381195 95241 5
146776313 95241 5
319037583 95241 5
53115680 95241 5
229134802 95241 5
173578122 95241 5
85951169 95241 5
6064608 95241 5
124425471 95241 5
225496641 95241 5
173605278 95241 5
155863502 95241 5
163578101 95241 5
271306733 95241 5
256716446 95241 5
236550898 95241 5
138187925 95241 5
166244181 95241 5
277544839 95241 5
82420690 95241 5
21532522 95241 5
368408536 95241 5
118723649 95241 5
284680348 95241 5
3171632 95241 5
10476024 95241 5
33599770 95241 5
284499660 95241 5
19432501 95241 5
15128894 95241 5
7993859 95241 5
221617562 95241 5
223926249 95241 5
28078045 95241 5
24182616 95241 5
77171523 95241 5
77982249 95241 5
158189880 95241 5
23959906 95241 5
85873602 95241 5
206891528 95241 5
33469875 95241 5
141372674 95241 5
54115669 95241 5
138212326 95241 5
369420339 95241 5
131817640 95241 5
983887 95241 5
212403278 95241 5
278813008 95241 5
203023043 95241 5
121906248 95241 5
163440896 95241 5
76440942 95241 5
149084353 95241 5
5919752 95241 5
297534585 95241 5
190535390 95241 5
320296381 95241 5
276758550 95241 5
69138065 95241 5
174525523 95241 5
319717336 95241 5
15443366 95241 5
225528609 95241 5
41395937 95241 5
165846398 95241 5
51804350 95241 5
56312282 95241 5
62962073 95241 5
226944261 95241 5
134723955 95241 5
157086207 95241 5
372220794 95241 5
157869462 95241 5
119952648 95241 5
290285399 95241 5
134127481 95241 5
163078116 95241 5
224826502 95241 5
258450348 95241 5
186213587 95241 5
185461848 95241 5
313996158 95241 5
274809956 95241 5
138624731 95241 5
367567008 95241 5
339849840 95241 5
95905108 95241 5
279631656 95241 5
153913824 95241 5
312145609 95241 5
295753994 95241 5
342614096 95241 5
245660900 95241 5
267853463 95241 5
60272934 95241 5
133880563 95241 5
125460907 95241 5
25675534 95241 5
332985776 95241 5
16343634 95241 5
28964426 95241 5
370176292 95241 5
336391648 95241 5
170551231 95241 5
167962711 95241 5
90311931 95241 5
56770626 95241 5
50128758 95241 5
332365504 95241 5
145577706 95241 5
295857958 95241 5
84223385 95241 5
232930194 95241 5
104620881 95241 5
56295583 95241 5
6610997 95241 5
9635250 95241 5
107227819 95241 5
296170637 95241 5
12223956 95241 5
8372252 95241 5
226872481 95241 5
131145845 95241 5
189491996 95241 5
231464296 95241 5
265693967 95241 5
281753688 95241 5
107266110 95241 5
167373310 95241 5
135414804 95241 5
166658867 95241 5
206234941 95241 5
15653921 95241 5
37248584 95241 5
152630710 95241 5
251982558 95241 5
218312008 95241 5
132838703 95241 5
347973784 95241 5
252760921 95241 5
156871739 95241 5
308355157 95241 5
268617089 95241 5
318177572 95241 5
216893582 95241 5
15083412 95241 5
170360872 95241 5
214165897 95241 5
153593508 95241 5
27775503 95241 5
60403336 95241 5
242740034 95241 5
276787557 95241 5
284182036 95241 5
3072319 95241 5
244932495 95241 5
13609624 95241 5
16860888 95241 5
2879674 95241 5
249020013 95241 5
306228259 95241 5
271203651 95241 5
159541925 95241 5
21862253 95241 5
28937282 95241 5
46275471 95241 5
325485242 95241 5
221280998 95241 5
136109697 95241 5
182432846 95241 5
111972004 95241 5
261397779 95241 5
211039982 95241 5
29236460 95241 5
13615525 95241 5
237732493 95241 5
38055663 95241 5
223057226 95241 5
88207728 95241 5
31962323 95241 5
200212653 95241 5
14689100 95241 5
249695202 95241 4
44852481 95241 4
184237391 95241 4
368755936 95241 4
198169462 95241 4
260668891 95241 4
158042923 95241 4
264712346 95241 4
186812009 95241 4
265396164 95241 4
239338769 95241 4
221111342 95241 4
191130318 95241 4
293051609 95241 4
141450112 95241 4
139684698 95241 4
221750178 95241 4
159141441 95241 4
175206341 95241 4
213690967 95241 4
95243860 95241 4
133234173 95241 4
220173877 95241 4
268346484 95241 4
135033245 95241 4
115807964 95241 4
175314950 95241 4
321448332 95241 3
143579520 95241 3
264712346 95241 3
207077385 95241 3
300610751 95241 3
163438039 95241 3
49688786 95241 3
169989689 95241 3
214564889 95241 3
147674726 95241 3
249889790 95241 3
69294676 95241 3
185176171 95241 2
192853033 95241 2
261720754 95241 2
203618489 95241 1
200562714 95241 1
216998374 95241 1
190984629 95241 1
353778827 95241 1
174742353 95241 1
271564553 95241 1
217468036 95241 1
191114337 95241 1
271733866 95241 1
245744472 95241 1
227360517 95241 1
330131790 95241 1
109521869 95241 1
180645637 95241 1
146393778 95241 1
217811786 95241 1
351050373 95241 1
261819904 95241 1
269613058 95241 1
200929413 95138 5
163734813 95138 5
137463992 95138 5
249695202 95138 5
44852481 95138 5
31633995 95138 5
253721932 95138 5
178796027 95138 5
13980275 95138 5
169467307 95138 5
254117614 95138 5
93366909 95138 5
179405411 95138 5
219190086 95138 5
249499110 95138 5
189433002 95138 5
163460245 95138 5
184420988 95138 5
338556590 95138 5
184847766 95138 5
221762448 95138 5
80858396 95138 5
169223761 95138 5
156451985 95138 5
276164414 95138 5
26954667 95138 5
177183996 95138 5
171280435 95138 5
194028375 95138 5
213039624 95138 5
47640825 95138 5
50229812 95138 5
83634547 95138 5
232417797 95138 5
102931824 95138 5
44953899 95138 5
102717893 95138 5
257133908 95138 5
71355751 95138 5
246052843 95138 5
311635303 95138 5
152468038 95138 5
136481267 95138 5
281962947 95138 5
233414674 95138 5
145835183 95138 5
157276572 95138 5
345640378 95138 5
79881540 95138 5
203618489 95138 5
212369799 95138 5
315336008 95138 5
61242189 95138 5
166322255 95138 5
311609054 95138 5
205947614 95138 5
68115816 95138 5
116044084 95138 5
212809516 95138 5
140755382 95138 5
179388301 95138 5
185391781 95138 5
210827319 95138 5
256233720 95138 5
101607657 95138 5
129836106 95138 5
184005719 95138 5
324641322 95138 5
26012026 95138 5
223883513 95138 5
65881738 95138 5
32267466 95138 5
327507103 95138 5
151143004 95138 5
224668517 95138 5
134023079 95138 5
174827829 95138 5
292876937 95138 5
180057617 95138 5
55686530 95138 5
292968924 95138 5
119689529 95138 5
31875056 95138 5
79456006 95138 5
294379377 95138 5
180392675 95138 5
221152488 95138 5
179670061 95138 5
327475841 95138 5
195788204 95138 5
158510049 95138 5
143579520 95138 5
138248249 95138 5
154037088 95138 5
170279566 95138 5
118389075 95138 5
174704758 95138 5
223889855 95138 5
251063540 95138 5
180762859 95138 5
349265326 95138 5
145669158 95138 5
150640601 95138 5
116414850 95138 5
298846680 95138 5
348549802 95138 5
191456433 95138 5
240488080 95138 5
107266110 95138 5
203874209 95138 5
365685098 95138 5
181350107 95138 5
224490142 95138 5
256341825 95138 5
340784706 95138 5
134644797 95138 5
361038375 95138 5
234717566 95138 5
138265937 95138 5
187882117 95138 5
10712124 95138 5
82940609 95138 5
12420210 95138 5
126986178 95138 5
194179220 95138 5
302710804 95138 5
200092977 95138 5
251272122 95138 5
119508605 95138 5
40920652 95138 5
33094717 95138 5
54132198 95138 5
96769736 95138 5
226038715 95138 5
158042923 95138 5
359448876 95138 5
339560698 95138 5
132605194 95138 5
219513539 95138 5
132012118 95138 5
164074680 95138 5
212005808 95138 5
145591069 95138 5
330325188 95138 5
175797949 95138 5
147311570 95138 5
6641558 95138 5
135265450 95138 5
19325209 95138 5
150835192 95138 5
179867546 95138 5
219356627 95138 5
246927163 95138 5
299722738 95138 5
210198631 95138 5
229681844 95138 5
10689863 95138 5
268695351 95138 5
118737102 95138 5
300610751 95138 5
226872481 95138 5
155532274 95138 5
77656879 95138 5
168123124 95138 5
52838042 95138 5
316279737 95138 5
136033015 95138 5
227041192 95138 5
173858470 95138 5
269261243 95138 5
333278419 95138 5
197127886 95138 5
270429781 95138 5
207520188 95138 5
226994070 95138 5
144370153 95138 5
239115544 95138 5
151512343 95138 5
166489396 95138 5
211507744 95138 5
370280250 95138 5
178447162 95138 5
136266658 95138 5
79454423 95138 5
198881865 95138 5
195411141 95138 5
272956204 95138 5
109376651 95138 5
40584908 95138 5
231504575 95138 5
195475105 95138 5
218145865 95138 5
307071216 95138 5
183757759 95138 5
266143890 95138 5
221555765 95138 5
48333517 95138 5
184704614 95138 5
210972572 95138 5
31550477 95138 5
262138769 95138 5
253509839 95138 5
368481084 95138 5
53746616 95138 5
274744093 95138 5
179586630 95138 5
62577654 95138 5
225496641 95138 5
173605278 95138 5
276455550 95138 5
22748381 95138 5
15128894 95138 5
150617644 95138 5
138187925 95138 5
260804683 95138 5
176581838 95138 5
84223385 95138 5
332902609 95138 5
79096185 95138 5
34380207 95138 5
287879961 95138 5
83243724 95138 5
212496302 95138 5
256922234 95138 5
180035617 95138 5
370144696 95138 5
54115669 95138 5
248495652 95138 5
147845580 95138 5
181225566 95138 5
362242325 95138 5
234101947 95138 5
339722259 95138 5
159141441 95138 5
319553588 95138 5
266352129 95138 5
203514516 95138 5
155170112 95138 5
206567066 95138 5
284776837 95138 5
35312239 95138 5
44764055 95138 5
311459233 95138 5
44452421 95138 5
197602266 95138 5
222968667 95138 5
245660900 95138 5
112139612 95138 5
216998374 95138 5
185461848 95138 5
203053765 95138 5
138343850 95138 5
153711213 95138 5
62197546 95138 5
71157343 95138 5
157057705 95138 5
330131790 95138 5
213690967 95138 5
370176292 95138 5
209055656 95138 5
208070407 95138 5
336397572 95138 5
169000574 95138 5
360619502 95138 5
173990486 95138 5
194615507 95138 5
186222524 95138 5
163149256 95138 5
49610153 95138 5
233966816 95138 5
311313287 95138 5
305484403 95138 5
172633570 95138 5
283020701 95138 5
204682130 95138 5
199239415 95138 5
322912798 95138 5
19432501 95138 5
253208366 95138 5
340937325 95138 5
285492422 95138 5
157221198 95138 5
131821037 95138 5
342912311 95138 5
283794072 95138 5
177727771 95138 5
270877417 95138 5
65429455 95138 5
308134732 95138 5
158853907 95138 5
150345056 95138 5
139248204 95138 5
186174062 95138 5
5422822 95138 5
156116495 95138 5
120231356 95138 5
122477501 95138 5
20608076 95138 5
335984967 95138 5
365405492 95138 5
297379097 95138 5
163578101 95138 5
295548507 95138 5
52532046 95138 5
334798305 95138 5
86332266 95138 5
203466681 95138 5
124438202 95138 5
276492873 95138 5
175944280 95138 5
215667823 95138 5
179781620 95138 5
147792671 95138 5
235442138 95138 5
373651721 95138 5
260186360 95138 5
208333593 95138 5
211055035 95138 5
261136111 95138 5
167776906 95138 5
131817640 95138 5
192196735 95138 5
262358312 95138 5
351739975 95138 5
164703771 95138 5
215781343 95138 5
65698332 95138 5
293471200 95138 5
33455081 95138 5
166675314 95138 5
147847834 95138 5
133169863 95138 5
252062049 95138 5
308224347 95138 5
362005640 95138 5
53115680 95138 5
254581838 95138 5
144889862 95138 5
224339959 95138 5
190595572 95138 5
63857193 95138 5
165268968 95138 5
285279987 95138 5
329989298 95138 5
173313888 95138 5
273042428 95138 5
219266265 95138 5
92462225 95138 5
165709247 95138 5
82614812 95138 5
176623316 95138 5
143407719 95138 5
335439685 95138 5
142520142 95138 5
312861791 95138 5
310984941 95138 5
208505165 95138 5
165738621 95138 5
3144770 95138 5
61227025 95138 5
221107668 95138 5
157762960 95138 5
306102101 95138 5
213315806 95138 5
253329152 95138 5
156365883 95138 5
10629422 95138 5
336062598 95138 5
359440669 95138 5
351800760 95138 5
367159515 95138 5
224403750 95138 5
87295155 95138 5
220494293 95138 5
282657650 95138 5
167390183 95138 5
173243198 95138 5
256790311 95138 5
339840861 95138 5
287247076 95138 5
310727995 95138 5
14486302 95138 5
126224798 95138 5
213654671 95138 5
222881387 95138 5
271168697 95138 5
253764103 95138 5
304649141 95138 5
334775430 95138 5
98614400 95138 5
198016805 95138 5
209754352 95138 5
125271838 95138 5
162673830 95138 5
153542886 95138 5
278495095 95138 5
168903362 95138 5
358218401 95138 5
135373852 95138 5
298669260 95138 5
67082237 95138 5
19446641 95138 5
170498281 95138 5
276787557 95138 5
194690528 95138 5
249151462 95138 5
49399527 95138 5
76482137 95138 5
16869735 95138 5
92621579 95138 5
25638697 95138 5
287528933 95138 5
253707098 95138 5
54526045 95138 5
343431034 95138 5
274809956 95138 5
88697415 95138 5
157286892 95138 5
46419656 95138 5
113454863 95138 5
191637062 95138 5
137537443 95138 5
168068451 95138 5
237956693 95138 5
331631176 95138 5
183815747 95138 5
273443370 95138 5
151569135 95138 5
27060776 95138 5
289844213 95138 5
258450348 95138 5
185828909 95138 5
217829837 95138 5
174742353 95138 5
139945011 95138 5
141219159 95138 5
166026137 95138 5
271008204 95138 5
177644136 95138 5
172826037 95138 5
348264685 95138 5
243446028 95138 5
243231212 95138 5
157505056 95138 5
94015410 95138 5
143788995 95138 5
175027171 95138 5
133407001 95138 5
227563708 95138 5
276228361 95138 5
6546635 95138 5
216713605 95138 5
74452193 95138 5
282428689 95138 5
71556459 95138 5
64617476 95138 5
167789479 95138 5
25870581 95138 5
236841550 95138 5
33699924 95138 5
143402648 95138 5
290493070 95138 5
238124724 95138 5
333437466 95138 5
256570666 95138 5
145295666 95138 5
169696661 95138 5
164102610 95138 5
236491393 95138 5
165660680 95138 5
101804974 95138 5
263797383 95138 5
143399260 95138 5
206580709 95138 5
159942505 95138 5
173706478 95138 5
210260155 95138 5
219345836 95138 5
141127412 95138 5
245393859 95138 5
133026495 95138 5
238459069 95138 5
141664793 95138 5
264601822 95138 5
105501448 95138 5
303120190 95138 5
188731817 95138 5
221111342 95138 5
227016966 95138 5
32353457 95138 5
150143476 95138 5
105202678 95138 5
233881331 95138 5
242352379 95138 5
73405642 95138 5
127903541 95138 5
184522853 95138 5
156325512 95138 5
254393811 95138 5
360140096 95138 5
211188174 95138 5
281053744 95138 5
310521561 95138 5
212113567 95138 5
193906987 95138 5
231621869 95138 5
156032700 95138 5
88354600 95138 5
189063891 95138 5
134723955 95138 5
228350826 95138 5
246743826 95138 5
131544819 95138 5
366359902 95138 5
260739678 95138 5
357532114 95138 5
222285953 95138 5
134235314 95138 5
153593508 95138 5
213153664 95138 5
157003064 95138 5
156588793 95138 5
231272729 95138 5
160207297 95138 5
103962760 95138 5
234520938 95138 5
48713613 95138 5
93196289 95138 5
145460941 95138 5
172600100 95138 5
294333020 95138 5
137792927 95138 5
207816461 95138 5
182972155 95138 5
1973534 95138 5
8781617 95138 5
203023043 95138 5
189761332 95138 5
252760921 95138 5
174646816 95138 5
177065854 95138 5
342503536 95138 5
332527140 95138 5
26262373 95138 5
369775136 95138 5
95130073 95138 5
67603662 95138 5
21718161 95138 5
300875694 95138 5
241938363 95138 5
253128065 95138 5
164524181 95138 5
174554287 95138 5
150686560 95138 5
39336047 95138 5
163764236 95138 5
163849214 95138 5
55432115 95138 5
77982249 95138 5
186260720 95138 5
6287473 95138 5
222277397 95138 5
217278722 95138 5
296170637 95138 5
150534502 95138 5
188456201 95138 5
333213742 95138 5
248347383 95138 5
197688177 95138 5
198650409 95138 5
159825000 95138 5
300527648 95138 5
228979115 95138 5
224608213 95138 5
284935915 95138 5
95135266 95138 5
194802366 95138 5
209066463 95138 5
171483192 95138 5
8787325 95138 5
7276311 95138 5
217013042 95138 5
310564573 95138 5
90017098 95138 5
253923680 95138 5
44496374 95138 5
55690053 95138 5
313003954 95138 5
349244296 95138 5
299032277 95138 5
57383405 95138 5
132483031 95138 5
302984513 95138 5
340632805 95138 5
204342417 95138 5
130521785 95138 5
290285399 95138 5
33002192 95138 5
95246494 95138 5
134127481 95138 5
134576733 95138 5
49201632 95138 5
103174305 95138 5
230600311 95138 5
138624731 95138 5
68048277 95138 5
195092505 95138 5
2879674 95138 5
306228259 95138 5
180395736 95138 5
158538088 95138 5
97702713 95138 5
280961393 95138 5
184379869 95138 5
264485510 95138 5
275165136 95138 5
150739773 95138 5
130301495 95138 5
166687150 95138 5
175206341 95138 5
107227819 95138 5
168339008 95138 5
189237543 95138 5
220276272 95138 5
233943523 95138 5
226347721 95138 5
253811420 95138 5
61509375 95138 5
90368786 95138 5
217535066 95138 5
270689880 95138 5
313996158 95138 5
83225245 95138 5
343947759 95138 5
175314950 95138 5
202476426 95138 5
162667699 95138 5
12955930 95138 5
300959297 95138 5
217920511 95138 5
331204307 95138 5
215124169 95138 5
195674673 95138 5
145599389 95138 5
71816872 95138 5
103352602 95138 5
254331749 95138 5
41248305 95138 5
297540127 95138 5
55572545 95138 5
152521977 95138 5
270606699 95138 5
146229669 95138 5
177314249 95138 5
135006147 95138 5
97528328 95138 5
285660814 95138 5
305113709 95138 5
203750511 95138 5
261050157 95138 5
330665364 95138 4
219451728 95138 4
283206255 95138 4
163325970 95138 4
41565540 95138 4
185176171 95138 4
11597585 95138 4
208262992 95138 4
196156594 95138 4
182885068 95138 4
206641679 95138 4
133332969 95138 4
180123960 95138 4
96129158 95138 4
237096964 95138 4
133979738 95138 4
263862430 95138 4
209111233 95138 4
262804121 95138 4
189190220 95138 4
101838158 95138 4
333456810 95138 4
206606202 95138 4
50669751 95138 4
336045848 95138 4
313481791 95138 4
145357953 95138 4
307263086 95138 4
138157266 95138 4
169989689 95138 4
242416687 95138 4
212771393 95138 4
67946107 95138 4
232311139 95138 4
270368836 95138 4
248203731 95138 4
215411217 95138 4
33028129 95138 4
82964261 95138 4
8342575 95138 4
261819904 95138 4
244090435 95138 4
281498441 95138 4
47229734 95138 4
222960615 95138 4
145337911 95138 4
321448332 95138 4
105612507 95138 4
139284613 95138 4
236853985 95138 4
205911794 95138 4
358736247 95138 4
200562714 95138 4
207787664 95138 4
223088800 95138 4
147332737 95138 4
38011532 95138 4
226214027 95138 4
161706790 95138 4
331848125 95138 4
42699301 95138 4
139086961 95138 4
82215256 95138 4
162870109 95138 4
189682676 95138 4
180305101 95138 4
225072187 95138 4
164885323 95138 4
367312645 95138 4
304430241 95138 4
177817070 95138 4
232334094 95138 4
186061866 95138 4
332985776 95138 4
167620113 95138 4
154423417 95138 4
257269152 95138 4
93590176 95138 4
298636663 95138 4
174353749 95138 4
248942519 95138 4
342505271 95138 4
338843546 95138 4
185327417 95138 4
186950668 95138 4
238899670 95138 4
96734349 95138 4
140156853 95138 4
270723435 95138 4
234382623 95138 4
204495094 95138 4
334508545 95138 4
231411750 95138 4
96258306 95138 4
113701802 95138 4
191739630 95138 4
139158675 95138 4
292275728 95138 4
220186939 95138 4
99240082 95138 4
254451426 95138 4
221537501 95138 4
302551537 95138 4
229685056 95138 4
229539534 95138 4
65665708 95138 4
270918666 95138 4
225411469 95138 4
269478909 95138 4
12688477 95138 4
138850059 95138 4
132983082 95138 4
96117988 95138 4
147492240 95138 4
235999225 95138 4
156871739 95138 4
182271054 95138 4
50128758 95138 4
162636071 95138 4
243802630 95138 4
315900589 95138 4
202201321 95138 4
28933603 95138 4
134471081 95138 4
262360984 95138 4
14732490 95138 4
199204239 95138 4
133530347 95138 4
161391724 95138 4
158720685 95138 4
84052833 95138 4
231058052 95138 4
194496184 95138 4
61836088 95138 4
144993617 95138 4
41500992 95138 4
157296338 95138 4
262421511 95138 4
190984629 95138 4
256501488 95138 4
251982558 95138 4
207783329 95138 4
153074786 95138 4
159175886 95138 4
76965089 95138 4
137406021 95138 4
360424395 95138 4
359230992 95138 4
120874085 95138 4
220271023 95138 4
50260912 95138 4
187663658 95138 4
248013172 95138 4
60434462 95138 4
216696543 95138 4
86711650 95138 4
136135456 95138 4
338725142 95138 4
133360566 95138 4
360263367 95138 4
248882239 95138 4
319037583 95138 4
55003020 95138 4
338684259 95138 4
74794658 95138 4
343078481 95138 4
309833389 95138 4
215444616 95138 4
45995489 95138 4
140539100 95138 4
177116308 95138 4
346325668 95138 4
250948092 95138 4
51964834 95138 4
17554863 95138 4
155863502 95138 4
236550898 95138 4
187656057 95138 4
188552580 95138 4
15595914 95138 4
158223536 95138 4
286710338 95138 4
203891613 95138 4
171526102 95138 4
223926249 95138 4
229739758 95138 4
239812557 95138 4
92519807 95138 4
161486524 95138 4
289985927 95138 4
224663453 95138 4
23959906 95138 4
305093623 95138 4
33469875 95138 4
119973576 95138 4
194795375 95138 4
212403278 95138 4
225042911 95138 4
22365819 95138 4
369877808 95138 4
43267155 95138 4
163315525 95138 4
133835811 95138 4
166701723 95138 4
330349046 95138 4
79269929 95138 4
138773577 95138 4
143552078 95138 4
198248714 95138 4
202295900 95138 4
187439072 95138 4
119981954 95138 4
338796761 95138 4
16047570 95138 4
265693967 95138 4
151832592 95138 4
124554316 95138 4
329460849 95138 4
285243956 95138 4
42351115 95138 4
18252131 95138 4
176706205 95138 4
206864818 95138 4
340807849 95138 4
958395 95138 4
165016761 95138 4
343051545 95138 4
193974188 95138 4
231319057 95138 4
293477348 95138 4
79916104 95138 4
185592498 95138 4
95983553 95138 4
367261779 95138 4
91716179 95138 4
195636706 95138 4
188362523 95138 4
226292666 95138 4
269177505 95138 4
110536719 95138 4
35600142 95138 4
187537105 95138 4
237772265 95138 4
335744053 95138 4
263766301 95138 4
229439995 95138 4
220940879 95138 4
135701508 95138 4
36460918 95138 4
282433396 95138 4
156880106 95138 4
170124740 95138 4
288918996 95138 4
265875208 95138 4
192666654 95138 4
174825633 95138 4
151074871 95138 4
27124867 95138 4
75494531 95138 4
206361366 95138 4
17482108 95138 4
165177249 95138 4
78984125 95138 4
125266375 95138 4
336947757 95138 4
191889971 95138 4
322170605 95138 4
92895084 95138 4
171749749 95138 4
117711852 95138 4
179384435 95138 4
244314166 95138 4
183835960 95138 4
174585354 95138 4
176570435 95138 4
159055683 95138 4
185826411 95138 4
368894987 95138 4
37249279 95138 4
314479591 95138 4
165931605 95138 4
196629292 95138 4
68382747 95138 4
50002372 95138 4
90054409 95138 4
354815043 95138 4
185304776 95138 4
221869895 95138 4
147125696 95138 4
152750367 95138 4
227560197 95138 4
92117114 95138 4
44266264 95138 4
146312466 95138 4
225528609 95138 4
118135798 95138 4
276902369 95138 4
218533022 95138 4
222784867 95138 4
218114983 95138 4
153987050 95138 4
336435072 95138 4
160623060 95138 4
205942681 95138 4
196319886 95138 4
281524897 95138 4
181806977 95138 4
10448378 95138 4
127335560 95138 4
155035302 95138 4
119303947 95138 4
152668537 95138 4
88854215 95138 4
231216487 95138 4
139323986 95138 4
236473661 95138 4
268360926 95138 4
332251874 95138 4
50948011 95138 4
114969070 95138 4
186947897 95138 4
151236631 95138 4
124425471 95138 4
202255063 95138 4
244079633 95138 4
323439646 95138 4
184465626 95138 4
12185853 95138 4
303871053 95138 4
213341025 95138 4
279048184 95138 4
345252547 95138 4
94235444 95138 4
290104945 95138 4
180083244 95138 4
270587820 95138 4
294555467 95138 4
255056161 95138 4
137216847 95138 4
189040444 95138 4
145184942 95138 4
238246869 95138 4
237514437 95138 4
206868553 95138 4
317801453 95138 4
227453103 95138 4
21532522 95138 4
206825061 95138 4
95199126 95138 4
173503299 95138 4
10578946 95138 4
327434629 95138 4
32030837 95138 4
231417632 95138 4
145265573 95138 4
147233799 95138 4
228710128 95138 4
297107849 95138 4
23192344 95138 4
252823877 95138 4
123300130 95138 4
157086207 95138 4
195142222 95138 4
267054318 95138 4
88301208 95138 4
197701805 95138 4
244995335 95138 4
112207707 95138 4
284795130 95138 4
216121152 95138 4
163438039 95138 4
288319995 95138 4
153014228 95138 4
183803668 95138 4
287964957 95138 4
202323104 95138 4
271306733 95138 4
176434415 95138 4
271472226 95138 4
157264739 95138 4
370575120 95138 4
341389247 95138 4
174198668 95138 4
269757406 95138 4
283828483 95138 4
201303567 95138 4
201345112 95138 4
350382225 95138 4
136709617 95138 4
206608051 95138 4
180502301 95138 4
159539927 95138 4
197528712 95138 4
187127527 95138 4
131899316 95138 4
291261727 95138 4
115814914 95138 4
241837216 95138 4
15924244 95138 4
329180661 95138 4
186833424 95138 4
304587072 95138 4
167049627 95138 4
154780631 95138 4
179857606 95138 4
229134802 95138 4
211926002 95138 4
211377096 95138 4
145681962 95138 4
170057055 95138 4
313675130 95138 4
291328987 95138 4
153954082 95138 4
105604313 95138 4
166573791 95138 4
306093159 95138 4
222967549 95138 4
145201638 95138 4
211098327 95138 4
139870124 95138 4
256695606 95138 4
283533788 95138 4
93022382 95138 4
167373310 95138 4
100891245 95138 4
16185022 95138 4
291571943 95138 4
218612838 95138 4
198748735 95138 4
304127131 95138 4
256949345 95138 4
345747121 95138 4
221617562 95138 4
50198591 95138 4
76520409 95138 4
107724461 95138 4
244486869 95138 4
325875999 95138 4
145025649 95138 4
268676845 95138 4
98031453 95138 4
252933479 95138 4
26952332 95138 4
95905108 95138 4
205634561 95138 4
177312027 95138 4
159993602 95138 4
147122537 95138 4
155370600 95138 4
306827848 95138 4
111862028 95138 4
109817818 95138 4
164754915 95138 4
157713822 95138 4
83129374 95138 4
168435739 95138 4
188944457 95138 4
293011035 95138 4
108669564 95138 4
135747306 95138 4
188244049 95138 4
369997352 95138 4
242457047 95138 4
3072319 95138 4
90311931 95138 4
178367896 95138 4
371754397 95138 4
234232637 95138 4
182002860 95138 4
310397386 95138 4
16836555 95138 4
221913742 95138 4
139085435 95138 4
194716989 95138 4
104284002 95138 4
58272649 95138 4
194737062 95138 4
241277683 95138 4
194912932 95138 4
191933945 95138 4
133880563 95138 4
295857958 95138 4
253447329 95138 4
177386207 95138 4
178867426 95138 4
25924628 95138 4
239338769 95138 4
58084614 95138 4
335232152 95138 4
30112171 95138 4
196042428 95138 4
55849667 95138 4
373604754 95138 4
206049932 95138 4
132608582 95138 4
134313924 95138 4
172632927 95138 4
261663477 95138 4
50348837 95138 4
47652538 95138 4
146043068 95138 4
244898219 95138 4
232316321 95138 4
366905567 95138 4
348399521 95138 4
199058100 95138 4
31791936 95138 4
234826869 95138 4
151696571 95138 4
139627182 95138 4
319700351 95138 4
133699476 95138 4
17327406 95138 4
24359282 95138 4
101120985 95138 4
254921271 95138 4
71012777 95138 4
191014919 95138 4
209207594 95138 4
206151997 95138 4
222623367 95138 4
269749835 95138 4
111036151 95138 4
15065472 95138 4
119292560 95138 4
351922669 95138 4
144199131 95138 4
158615337 95138 4
61509134 95138 4
276525636 95138 4
13536886 95138 4
302424934 95138 4
176481374 95138 4
360574239 95138 4
186062199 95138 4
181318147 95138 4
247760596 95138 4
196986788 95138 4
133047158 95138 4
356380781 95138 4
108110917 95138 4
371557920 95138 4
149084353 95138 4
339883906 95138 4
178521746 95138 4
355432002 95138 4
318177572 95138 4
112146273 95138 4
182931047 95138 4
50937992 95138 4
167060187 95138 4
232116374 95138 4
179772029 95138 4
87363925 95138 4
244201378 95138 4
232950965 95138 4
141450112 95138 4
265476850 95138 4
241667604 95138 4
66756014 95138 4
340817954 95138 4
346523627 95138 4
54567801 95138 4
203778013 95138 4
232357379 95138 4
354154397 95138 4
138840049 95138 4
11861764 95138 4
172729004 95138 4
255881414 95138 4
162180112 95138 4
129744339 95138 4
137609102 95138 4
278813008 95138 4
153243618 95138 4
321512797 95138 4
260999484 95138 4
241782336 95138 4
169325724 95138 4
64479518 95138 4
146799874 95138 4
76987561 95138 4
220122226 95138 4
179142026 95138 4
337511100 95138 4
84992503 95138 4
206146098 95138 4
248982945 95138 4
279590569 95138 4
248717264 95138 4
278129814 95138 4
160889268 95138 4
46807646 95138 4
32053185 95138 4
251711915 95138 4
350754078 95138 4
139869288 95138 4
145271174 95138 4
194795223 95138 4
238256268 95138 4
215345608 95138 4
14570588 95138 4
237732493 95138 4
98663013 95138 4
248826936 95138 4
254364733 95138 4
126772278 95138 4
213488978 95138 4
359932361 95138 4
225238029 95138 4
176754842 95138 4
121669119 95138 4
119933142 95138 4
118114387 95138 4
233414674 95116 5
336735059 95116 5
306120661 95116 5
330325188 95116 5
254581838 95116 5
300610751 95116 5
14732490 95116 5
207783329 95116 5
256922234 95116 5
86711650 95116 5
163555656 95116 5
311313287 95116 5
236491393 95116 5
314479591 95116 5
176434415 95116 5
71416909 95116 5
188244049 95116 5
332527140 95116 5
134235314 95116 5
311250514 95116 5
12420210 95116 5
304128500 95116 5
312702751 95116 5
201741987 95116 5
156377196 95116 5
141584919 95116 5
302710804 95116 5
222623367 95116 5
138783130 95116 5
138584343 95116 4
196047640 95116 4
343447690 95116 4
156175872 95116 4
44852481 95116 3
109376651 95116 3
85951169 95116 3
330131790 95116 3
157221198 95116 3
78984125 95116 3
225528609 95116 3
218114983 95116 3
143407719 95116 3
216121152 95116 3
245393859 95116 3
359932361 95116 3
343381900 95116 3
348053762 95116 3
137248415 95116 2
332380726 95116 2
221555765 95116 2
186297327 95116 2
142845361 95116 2
5422822 95116 2
194218064 95116 2
308203851 95116 2
154196544 95116 2
243637380 95116 2
45148598 95116 2
39336047 95116 2
233579616 95116 2
135396332 95116 1
17442644 95116 1
212809516 95116 1
195788204 95116 1
300407642 95116 1
315900589 95116 1
343491301 95116 1
59015362 95116 1
210972572 95116 1
159876707 95116 1
284680348 95116 1
159141441 95116 1
284776837 95116 1
157086207 95116 1
265693967 95116 1
262849228 95116 1
240052117 95116 1
282657650 95116 1
157286892 95116 1
340817954 95116 1
213153664 95116 1
312145609 95116 1
224608213 95116 1
301176030 95116 1
79784732 95116 1
182783475 95116 1
172962131 95116 1
72962974 95116 1
49661079 95116 1
161607799 95116 1
357615189 95116 1
287782711 95116 1
240300617 95116 1
54115669 95116 1
367567008 95116 1
260186360 95116 1
330305079 95116 1
352108575 95116 1
271564553 95116 1
259048227 95116 1
233414674 95052 5
362340830 95052 5
302710804 95052 5
330325188 95052 5
264712346 95052 5
235999225 95052 5
233851042 95052 5
197864856 95052 5
218017427 95052 5
311313287 95052 5
288918996 95052 5
78984125 95052 5
33455081 95052 5
156175872 95052 5
299560428 95052 5
278737759 95052 5
254581838 95052 5
340759446 95052 5
14732490 95052 5
370882261 95052 5
372823162 95052 5
230583525 95052 5
5919752 95052 5
362647910 95052 5
275356729 95052 5
290670484 95052 5
93022382 95052 5
141584919 95052 5
221869895 95052 5
366905567 95052 5
308588233 95052 5
222551437 95052 5
296248536 95052 5
214868239 95052 5
201741987 95052 5
222623367 95052 5
206146098 95052 5
230068256 95052 5
209915114 95052 5
188244049 95052 5
292424855 95052 5
353435612 95052 5
318155158 95052 5
25797494 95052 5
221146991 95052 5
164238395 95052 5
122340186 95052 5
218905149 95052 5
237449546 95052 5
161906801 95052 4
186297327 95052 4
263766301 95052 4
245393859 95052 4
359932361 95052 4
213784506 95052 4
145678340 95052 4
287419416 95052 4
233803010 95052 4
177622114 95052 4
290285399 95052 4
1029655 95052 4
330305079 95052 4
284182036 95052 4
332380726 95052 3
207783329 95052 3
330131790 95052 3
332251874 95052 3
143407719 95052 3
282657650 95052 3
194218064 95052 3
275464294 95052 3
357001299 95052 3
163438039 95052 3
254234114 95052 3
371676899 95052 3
271203651 95052 3
211639307 95052 3
268238142 95052 3
256695606 95052 3
337419170 95052 3
109376651 95052 2
169989689 95052 2
131331650 95052 2
368481084 95052 2
178765408 95052 2
358800616 95052 2
268058000 95052 2
137248415 95052 1
195788204 95052 1
143579520 95052 1
339560698 95052 1
28933603 95052 1
343491301 95052 1
210972572 95052 1
260804683 95052 1
286710338 95052 1
284680348 95052 1
284776837 95052 1
265693967 95052 1
262849228 95052 1
157286892 95052 1
332527140 95052 1
301176030 95052 1
182783475 95052 1
260499604 95052 1
171340664 95052 1
243368376 95052 1
82681904 95052 1
5422822 95052 1
200574391 95052 1
143483167 95052 1
117633146 95052 1
304430241 95052 1
250159069 95052 1
244514048 95052 1
210159187 95052 1
304604371 95052 1
264565579 95052 1
319847139 95052 1
330940629 95052 1
267983789 95052 1
236885764 95052 1
227748215 95052 1
251478419 95052 1
274809956 95052 1
247760596 95052 1
253301632 95052 1
164514404 95052 1
196649500 95052 1
171542167 95052 1
58868201 94997 5
262804121 94997 5
169989689 94997 5
156352805 94997 5
143579520 94997 5
302710804 94997 5
207783329 94997 5
195466424 94997 5
250159069 94997 5
254581838 94997 5
340759446 94997 5
62962073 94997 5
14732490 94997 5
287419416 94997 5
290670484 94997 5
116021328 94997 5
367543307 94997 5
231319057 94997 5
323090824 94997 5
370176292 94997 5
258209374 94997 5
133867062 94997 5
349825826 94997 5
141584919 94997 5
299974231 94997 5
241165184 94997 5
26380357 94997 5
209066463 94997 5
307966700 94997 5
222623367 94997 5
357125357 94997 5
134643008 94997 5
130301495 94997 5
122772151 94997 5
8342575 94997 5
188244049 94997 5
134235314 94997 5
101607657 94997 4
262849228 94997 4
302836382 94997 4
265693967 94997 4
209035239 94997 4
291630892 94997 3
182931047 94997 3
326801843 94997 3
289640318 94997 2
357096787 94997 2
294784922 94997 2
358739964 94997 2
186138215 94997 2
330325188 94997 1
332380726 94997 1
300610751 94997 1
284680348 94997 1
175766653 94997 1
245393859 94997 1
301176030 94997 1
362995329 94997 1
155863502 94997 1
117633146 94997 1
173946236 94997 1
304604371 94997 1
358800616 94997 1
370807540 94997 1
370199057 94997 1
116791458 94997 1
211371150 94997 1
287422675 94997 1
5422822 94997 1
260261252 94997 1
65442792 94997 1
366905567 94997 1
234826869 94997 1
225042911 94933 5
225843871 94933 5
151377601 94933 5
291200753 94933 5
200562714 94933 5
318504839 94933 5
300610751 94933 5
215929707 94933 5
207783329 94933 5
155863502 94933 5
186297327 94933 5
357096787 94933 5
213142913 94933 5
286710338 94933 5
28836161 94933 5
262849228 94933 5
143407719 94933 5
213153664 94933 5
140755382 94933 5
164039583 94933 5
191920537 94933 5
219645403 94933 5
121906248 94933 5
178765408 94933 5
254581838 94933 5
362637563 94933 5
349244296 94933 5
176622805 94933 5
304604371 94933 5
336735059 94933 5
359439114 94933 5
290670484 94933 5
96725976 94933 5
191332321 94933 5
290285399 94933 5
330361633 94933 5
222960615 94933 5
253707098 94933 5
191014919 94933 5
249151462 94933 5
188552580 94933 5
265693967 94933 5
153425138 94933 5
283176454 94933 5
67740248 94933 5
295755430 94933 5
273366521 94933 5
221877255 94933 5
245762036 94933 5
147494110 94933 5
211603340 94933 5
261421400 94933 5
233966816 94933 5
14732490 94933 5
256023087 94933 5
182315820 94933 5
350844625 94933 5
8342575 94933 5
178148288 94933 5
107204205 94933 5
88706762 94933 5
332365504 94933 5
188244049 94933 5
62962073 94933 5
170538554 94933 5
210198631 94933 5
294803647 94933 5
315261791 94933 5
169696661 94933 5
156451985 94933 5
113015131 94933 5
222623367 94933 5
4939557 94933 5
8984910 94933 5
306827848 94933 5
236978905 94933 5
228511149 94933 5
213676811 94933 5
163580821 94933 5
36271197 94933 5
341946914 94933 5
25797494 94933 5
125772598 94933 5
176434415 94933 5
125880019 94933 5
123994054 94933 5
370176292 94933 5
6405265 94933 5
154743760 94933 5
113322635 94933 5
365608132 94933 5
271431312 94933 5
197988909 94933 5
216930126 94933 5
282803419 94933 5
159876707 94933 4
219171093 94933 4
367543307 94933 4
329066459 94933 4
241277683 94933 4
150345056 94933 4
165753317 94933 4
162399843 94933 4
360619502 94933 4
77618433 94933 4
201127924 94933 4
169989689 94933 3
368481084 94933 3
365891577 94933 3
236628492 94933 3
271661891 94933 3
257233802 94933 3
256680963 94933 3
105612507 94933 2
326801843 94933 2
283042179 94933 2
163367662 94933 2
189307002 94933 2
176421059 94933 2
253301632 94933 2
203618489 94933 1
289640318 94933 1
143579520 94933 1
332380726 94933 1
284776837 94933 1
88854215 94933 1
282657650 94933 1
340817954 94933 1
362995329 94933 1
349815346 94933 1
167556440 94933 1
256133010 94933 1
154634579 94933 1
176000640 94933 1
261451726 94933 1
160197993 94933 1
120736253 94933 1
165016761 94933 1
274626682 94933 1
158739041 94933 1
170537424 94933 1
72962974 94933 1
151377601 94866 5
169989689 94866 5
6651222 94866 5
42699301 94866 5
318504839 94866 5
302710804 94866 5
31710522 94866 5
330325188 94866 5
207783329 94866 5
155863502 94866 5
213142913 94866 5
107227819 94866 5
224975404 94866 5
61720607 94866 5
8044665 94866 5
176622805 94866 5
99643915 94866 5
236143181 94866 5
190061887 94866 5
276787557 94866 5
14732490 94866 5
163438039 94866 5
231319057 94866 5
147494110 94866 5
198420520 94866 5
62962073 94866 5
294803647 94866 5
62001431 94866 5
23432053 94866 5
188244049 94866 5
218186124 94866 5
266901301 94866 5
130301495 94866 5
229429571 94866 5
283794072 94866 5
118777809 94866 5
206234941 94866 5
76335008 94866 5
269069037 94866 5
290285399 94866 5
284935915 94866 5
221219782 94866 5
82235746 94866 5
216613768 94866 5
134643008 94866 5
147451351 94866 5
4939557 94866 5
236391805 94866 5
113322635 94866 5
74850691 94866 5
93926942 94866 5
181715013 94866 5
143407719 94866 4
56689081 94866 4
143579520 94866 3
213153664 94866 3
221750178 94866 3
367543307 94866 2
167556440 94866 2
176000640 94866 2
244090435 94866 2
316495658 94866 2
303540264 94866 2
291200753 94866 1
300610751 94866 1
278793768 94866 1
5422822 94866 1
290670484 94866 1
230068256 94866 1
266938958 94866 1
245762036 94866 1
330299816 94866 1
34165814 94866 1
368520068 94866 1
370069265 94866 1
171680307 94866 1
153309372 94866 1
119363311 94866 1
145669158 94866 1
202724572 94866 1
357996067 94866 1
225843871 94803 5
80858396 94803 5
145835183 94803 5
185699416 94803 5
134023079 94803 5
269346868 94803 5
42699301 94803 5
183047925 94803 5
107266110 94803 5
190984629 94803 5
276605348 94803 5
11944592 94803 5
334740676 94803 5
330325188 94803 5
264712346 94803 5
28933603 94803 5
278793768 94803 5
84052833 94803 5
207783329 94803 5
59015362 94803 5
83772551 94803 5
85951169 94803 5
186297327 94803 5
357096787 94803 5
196067271 94803 5
284776837 94803 5
207471009 94803 5
134723955 94803 5
311313287 94803 5
283020701 94803 5
94425278 94803 5
35600142 94803 5
197917556 94803 5
278495095 94803 5
282657650 94803 5
279220335 94803 5
263797383 94803 5
161758610 94803 5
213153664 94803 5
233776023 94803 5
162667699 94803 5
301176030 94803 5
294784922 94803 5
274866313 94803 5
132764388 94803 5
332046848 94803 5
140093381 94803 5
205947614 94803 5
117633146 94803 5
54513726 94803 5
370846696 94803 5
195898346 94803 5
216102044 94803 5
329006517 94803 5
250159069 94803 5
186238789 94803 5
116414850 94803 5
316926711 94803 5
174742353 94803 5
370882261 94803 5
156116495 94803 5
119658630 94803 5
210063773 94803 5
10712124 94803 5
198691042 94803 5
283722970 94803 5
371676899 94803 5
241232435 94803 5
290670484 94803 5
229699919 94803 5
240899997 94803 5
367054675 94803 5
226703401 94803 5
222960615 94803 5
32306289 94803 5
176622805 94803 5
273441251 94803 5
92462225 94803 5
186260720 94803 5
358739964 94803 5
145206072 94803 5
239414627 94803 5
222526368 94803 5
216998374 94803 5
338371372 94803 5
151086755 94803 5
154769681 94803 5
229700018 94803 5
323899154 94803 5
26441181 94803 5
202079433 94803 5
321512866 94803 5
180289675 94803 5
252727671 94803 5
190446008 94803 5
241277683 94803 5
16869735 94803 5
269125533 94803 5
273366521 94803 5
234101947 94803 5
266938958 94803 5
163438039 94803 5
165753317 94803 5
245762036 94803 5
218861340 94803 5
343149503 94803 5
147494110 94803 5
212005808 94803 5
189307002 94803 5
176608818 94803 5
252020746 94803 5
101292766 94803 5
147233799 94803 5
205084662 94803 5
230761753 94803 5
248726785 94803 5
293471322 94803 5
276787557 94803 5
178148288 94803 5
144612316 94803 5
176000640 94803 5
154423417 94803 5
149084353 94803 5
62962073 94803 5
135373852 94803 5
284376502 94803 5
294803647 94803 5
306845761 94803 5
185522083 94803 5
64281291 94803 5
161969539 94803 5
223508183 94803 5
370069265 94803 5
202255063 94803 5
249151462 94803 5
243637380 94803 5
225182036 94803 5
230068256 94803 5
223926249 94803 5
286978046 94803 5
64617476 94803 5
228564138 94803 5
143579520 94803 5
175700234 94803 5
177933704 94803 5
209692438 94803 5
133912087 94803 5
265693967 94803 5
165268968 94803 5
201741987 94803 5
372249566 94803 5
76569313 94803 5
44163309 94803 5
332985776 94803 5
317195694 94803 5
132890731 94803 5
267034054 94803 5
276902369 94803 5
186174062 94803 5
85728497 94803 5
192196735 94803 5
191014919 94803 5
129731815 94803 5
212403278 94803 5
115013918 94803 5
141584919 94803 5
176952381 94803 5
334201014 94803 5
297512976 94803 5
213406002 94803 5
57386907 94803 5
162870109 94803 5
214564889 94803 5
134313924 94803 5
198570278 94803 5
167720207 94803 5
156377196 94803 5
257269152 94803 5
154434791 94803 5
198420520 94803 5
181715013 94803 5
265874677 94803 5
330361633 94803 5
146888625 94803 5
191332321 94803 5
145599389 94803 5
188244049 94803 5
145830881 94803 5
102686248 94803 5
220597275 94803 5
345095534 94803 5
253918342 94803 5
315692352 94803 5
245929110 94803 5
288256534 94803 5
238128306 94803 5
229736414 94803 5
326735241 94803 5
213950102 94803 5
134235314 94803 5
169823006 94803 5
211971526 94803 5
130699601 94803 5
261504421 94803 5
226872481 94803 5
151386391 94803 5
101668570 94803 5
12506053 94803 5
293819876 94803 5
226929834 94803 5
115214024 94803 5
293477348 94803 5
197127886 94803 5
199668425 94803 5
248486675 94803 5
128316882 94803 5
60522599 94803 5
136513230 94803 5
151021714 94803 5
313481791 94803 5
318921229 94803 5
301269881 94803 5
360619502 94803 5
206049932 94803 5
31710522 94803 5
137749512 94803 5
25675534 94803 5
251822016 94803 5
4276945 94803 5
54653609 94803 5
27060776 94803 5
189476911 94803 5
323253604 94803 5
282392984 94803 5
14732490 94803 5
194839336 94803 5
72693250 94803 5
372302364 94803 5
223088248 94803 5
25526756 94803 5
370275041 94803 5
183421705 94803 5
184379869 94803 5
20385045 94803 5
89143203 94803 5
328364173 94803 5
164886393 94803 5
194912250 94803 5
158168945 94803 5
182211625 94803 5
264485510 94803 5
360096315 94803 5
230470872 94803 5
82197711 94803 5
322963629 94803 5
217535066 94803 5
169316460 94803 5
32176466 94803 5
208188404 94803 5
208700055 94803 5
218302136 94803 5
339773711 94803 5
4333256 94803 5
209066463 94803 5
118609628 94803 5
157758098 94803 5
261819904 94803 5
161779882 94803 5
133404857 94803 5
163053985 94803 5
270069478 94803 5
39336047 94803 5
183457600 94803 5
29633375 94803 5
147531783 94803 4
44461692 94803 4
359863286 94803 4
221537501 94803 4
112139612 94803 4
216121152 94803 4
153593508 94803 4
172633570 94803 4
173946236 94803 4
281524897 94803 4
253301632 94803 4
157221198 94803 4
167238311 94803 4
148000673 94803 4
27722009 94803 4
290285399 94803 4
333239872 94803 4
317142307 94803 4
16669231 94803 4
89420410 94803 4
147125696 94803 4
221877255 94803 4
367473403 94803 4
256658706 94803 4
161722584 94803 4
132164700 94803 4
323898056 94803 4
82235746 94803 4
300410769 94803 4
306827848 94803 4
233966816 94803 4
92621579 94803 4
165944210 94803 4
175149870 94803 4
181549073 94803 4
50384582 94803 4
276492873 94803 4
372129630 94803 4
329026681 94803 4
219575097 94803 4
142716219 94803 4
369877808 94803 4
215852621 94803 4
25604565 94803 4
6326322 94803 4
321448332 94803 4
69294676 94803 4
107266270 94803 4
256888470 94803 4
168339008 94803 4
175296597 94803 4
200562714 94803 3
207077385 94803 3
241054115 94803 3
155863502 94803 3
310039571 94803 3
262849228 94803 3
214467009 94803 3
35989680 94803 3
253764103 94803 3
316495658 94803 3
135201550 94803 3
311246321 94803 3
332365504 94803 3
197788071 94803 3
193974188 94803 3
251985649 94803 3
227600511 94803 3
221750178 94803 3
367191587 94803 3
219787010 94803 3
157431400 94803 3
57922053 94803 3
41565540 94803 2
137248415 94803 2
372112278 94803 2
319671236 94803 2
238394164 94803 2
354019118 94803 2
198058421 94803 2
4449850 94803 2
371937361 94803 2
173694545 94803 1
332380726 94803 1
300610751 94803 1
315900589 94803 1
169989689 94803 1
245393859 94803 1
362995329 94803 1
360383683 94803 1
171139282 94803 1
304604371 94803 1
233803010 94803 1
349815346 94803 1
367543307 94803 1
223438061 94803 1
254451201 94803 1
368520068 94803 1
334739366 94803 1
329043083 94803 1
127716732 94803 1
236577097 94803 1
271564553 94803 1
196519451 94803 1
47779662 94803 1
5422822 94803 1
145427303 94803 1
250378437 94803 1
172962363 94803 1
171680307 94803 1
191114337 94803 1
8093528 94803 1
23330136 94803 1
221146991 94803 1
120736253 94803 1
147531783 94755 5
184847766 94755 5
80858396 94755 5
145835183 94755 5
316421340 94755 5
358736247 94755 5
143579520 94755 5
174500183 94755 5
50743121 94755 5
266620298 94755 5
324910194 94755 5
276605348 94755 5
359448876 94755 5
330325188 94755 5
300610751 94755 5
84052833 94755 5
227330170 94755 5
271625432 94755 5
221555765 94755 5
265810663 94755 5
186297327 94755 5
107227819 94755 5
216043014 94755 5
81114452 94755 5
262849228 94755 5
354815043 94755 5
153987050 94755 5
64648432 94755 5
245393859 94755 5
301176030 94755 5
330567187 94755 5
275464294 94755 5
10712124 94755 5
167238311 94755 5
290670484 94755 5
233803010 94755 5
229699919 94755 5
367054675 94755 5
349815346 94755 5
32306289 94755 5
290738908 94755 5
358739964 94755 5
180762859 94755 5
132383057 94755 5
26441181 94755 5
283042179 94755 5
151552337 94755 5
147125696 94755 5
245762036 94755 5
230761753 94755 5
182315820 94755 5
2362724 94755 5
62962073 94755 5
294803647 94755 5
82235746 94755 5
205965443 94755 5
311246321 94755 5
231172159 94755 5
64617476 94755 5
372249566 94755 5
193974188 94755 5
369415031 94755 5
218186124 94755 5
371595398 94755 5
176570435 94755 5
191014919 94755 5
72640194 94755 5
227600511 94755 5
305113709 94755 5
276492873 94755 5
219575097 94755 5
22365819 94755 5
297524841 94755 5
188244049 94755 5
134235314 94755 5
6326322 94755 5
157086934 94755 5
324171660 94755 5
123008688 94755 5
197127886 94755 5
361390486 94755 5
57922053 94755 5
72962974 94755 5
14732490 94755 5
139627182 94755 5
40269200 94755 5
256922234 94755 5
31251296 94755 5
66068739 94755 5
294912540 94755 5
127903541 94755 5
69081046 94755 5
13240196 94755 5
29256025 94755 5
318177572 94755 5
206234941 94755 5
163053985 94755 5
24359282 94755 5
209066463 94755 5
307600417 94755 5
227265272 94755 5
156175872 94755 5
231319057 94755 5
131427549 94755 5
210827319 94755 5
244201378 94755 5
88207728 94755 5
150367408 94755 5
336499092 94755 5
187663658 94755 5
121746474 94755 5
86244547 94755 5
58272649 94755 5
284182036 94755 5
164154658 94755 5
286053486 94755 5
343431034 94755 5
321215087 94755 5
137248415 94755 4
59015362 94755 4
173605278 94755 4
157057705 94755 4
213153664 94755 4
205942681 94755 4
371676899 94755 4
215019106 94755 4
290285399 94755 4
134213945 94755 4
161377993 94755 4
221877255 94755 4
154434791 94755 4
367191587 94755 4
137749512 94755 4
192848008 94755 4
211077818 94755 4
25924628 94755 4
61242189 94755 4
308900445 94755 4
58084614 94755 4
17442644 94755 3
161758610 94755 3
168067626 94755 3
60644500 94755 3
367473403 94755 3
150345056 94755 3
38612686 94755 3
260189017 94755 3
242440202 94755 3
204066381 94755 3
253301632 94755 3
20767461 94755 3
317858024 94755 3
184068987 94755 3
368143618 94755 2
312114642 94755 2
354019118 94755 2
165944210 94755 2
189120205 94755 2
269749835 94755 2
72693250 94755 2
332380726 94755 1
85951169 94755 1
271733866 94755 1
362995329 94755 1
370144696 94755 1
329006517 94755 1
251478419 94755 1
348399521 94755 1
316495658 94755 1
135201550 94755 1
76569313 94755 1
233966816 94755 1
127716732 94755 1
140836661 94755 1
261504421 94755 1
287782711 94755 1
222623367 94755 1
133366320 94755 1
184664886 94755 1
240218408 94755 1
307966700 94755 1
362005640 94755 1
8093528 94755 1
247250326 94755 1
131701188 94755 1
156352805 94742 5
143579520 94742 5
330325188 94742 5
300610751 94742 5
160932440 94742 5
186297327 94742 5
28836161 94742 5
262849228 94742 5
153987050 94742 5
254581838 94742 5
245393859 94742 5
155415565 94742 5
370144696 94742 5
216102291 94742 5
61720607 94742 5
336735059 94742 5
290670484 94742 5
233803010 94742 5
290285399 94742 5
367054675 94742 5
330361633 94742 5
222960615 94742 5
115774405 94742 5
327475841 94742 5
160365192 94742 5
273366521 94742 5
221877255 94742 5
212005808 94742 5
345640378 94742 5
176608818 94742 5
173183962 94742 5
369775136 94742 5
135260762 94742 5
205965443 94742 5
223926249 94742 5
216326429 94742 5
64617476 94742 5
283347649 94742 5
317195694 94742 5
303235088 94742 5
181549073 94742 5
198058421 94742 5
219575097 94742 5
188244049 94742 5
48862258 94742 5
366901246 94742 5
197127886 94742 5
211077818 94742 5
293471200 94742 5
16869735 94742 5
171817758 94742 5
227779976 94742 5
189476911 94742 5
84735258 94742 5
315692352 94742 5
255235674 94742 5
295416348 94742 5
241720410 94742 5
225977122 94742 5
163053985 94742 5
314521811 94742 5
318921229 94742 5
166026137 94742 5
106767783 94742 5
313996158 94742 5
161923082 94742 5
223401701 94742 5
175137585 94742 5
55676402 94742 5
8093528 94742 5
263620598 94742 5
271581860 94742 5
139684729 94742 5
236978905 94742 5
178447162 94742 4
206608051 94742 4
154434791 94742 4
260186360 94742 4
46902851 94742 4
117633146 94742 3
254751843 94742 3
212268814 94742 3
316495658 94742 3
214203358 94742 3
367191587 94742 3
282803419 94742 3
133366320 94742 2
253301632 94742 2
226798475 94742 2
332380726 94742 1
340817954 94742 1
150345056 94742 1
165016761 94742 1
127716732 94742 1
229439995 94742 1
56695367 94742 1
213950102 94742 1
31251296 94742 1
175108770 94742 1
286053486 94742 1
166914544 94742 1
181136047 94742 1
209111233 94716 5
200562714 94716 5
124994003 94716 5
269478909 94716 5
330325188 94716 5
300610751 94716 5
227330170 94716 5
186297327 94716 5
84223385 94716 5
370144696 94716 5
311313287 94716 5
359281370 94716 5
355432139 94716 5
275464294 94716 5
370882261 94716 5
201094366 94716 5
151086755 94716 5
57214121 94716 5
323899154 94716 5
331588347 94716 5
273612392 94716 5
345640378 94716 5
245762036 94716 5
60161627 94716 5
88706762 94716 5
16185022 94716 5
311246321 94716 5
64617476 94716 5
141541420 94716 5
372249566 94716 5
7596755 94716 5
141584919 94716 5
188244049 94716 5
213950102 94716 5
321448332 94716 5
115214024 94716 5
15830198 94716 5
14732490 94716 5
222623367 94716 5
133366320 94716 5
209066463 94716 5
247209803 94716 5
230068256 94716 5
372433063 94716 5
173654313 94716 5
134643008 94716 5
256922234 94716 5
169823006 94716 5
247403659 94716 5
350754078 94716 5
270069478 94716 5
270405775 94716 5
6405265 94716 5
132548002 94716 5
18740648 94716 5
364457805 94716 5
223683032 94716 5
178867426 94716 5
221555765 94716 4
175766653 94716 4
371676899 94716 4
292424855 94716 4
304649141 94716 4
4620731 94716 4
359794375 94716 4
194379341 94716 4
152630710 94716 4
308621916 94716 4
163580821 94716 4
290285399 94716 4
117503810 94716 3
231172159 94716 3
2555550 94716 3
194216982 94716 3
299686943 94716 3
334775430 94716 3
5422822 94716 2
191739630 94716 1
155863502 94716 1
184184704 94716 1
329006517 94716 1
290670484 94716 1
338371372 94716 1
200562419 94716 1
135260762 94716 1
316495658 94716 1
233966816 94716 1
316520421 94716 1
307966700 94716 1
361303437 94716 1
224356484 94716 1
217023328 94716 1
307423433 94716 1
165177249 94643 5
241277683 94643 5
86332266 94643 5
166517704 94643 5
14732490 94643 5
64617476 94643 5
218186124 94643 5
214926201 94643 5
40470344 94643 5
188244049 94643 5
209066463 94643 5
222623367 94643 5
245634844 94643 5
284182036 94643 5
162596765 94643 5
244150792 94643 5
143799873 94643 5
263441129 94643 4
275377117 94643 4
279982868 94643 4
257269152 94643 4
219959399 94643 4
288256534 94643 4
153620473 94643 4
197688177 94643 4
47254408 94643 4
61495870 94643 3
157550366 94643 3
177225844 94643 3
231040970 94643 3
332894660 94643 3
155863502 94643 2
316495658 94643 2
271564553 94643 2
290670484 94643 1
347346583 94643 1
153321440 94643 1
224356484 94643 1
292226245 94643 1
244486869 94643 1
297880009 94643 1
338371372 94643 1
5422822 94643 1
295193531 94643 1
147173583 94643 1
163438039 94643 1
367657201 94643 1
226798475 94643 1
298574844 94643 1
218541689 94643 1
194868616 94643 1
273087384 94643 1
